-32.2188 -24.2344 -1.6123 4.49219 1.94434 1.71973 4.01562 0.844238 0 
-28.3906 -14.6328 -1.64062 3.64648 1.78125 1.40625 -0.705566 0.743652 0 
-37.7188 -22.3125 -1.57227 4.53516 1.6543 1.38477 5.4375 0.742188 0 
4.07031 21.7344 -1.91992 4.46094 1.90625 1.81641 5.45312 0.711914 0 
10.2188 -3.34961 -1.76953 4.12109 1.75781 1.77344 0.842773 0.687988 0 
16.8906 8.29688 -1.87207 3.79492 1.85156 2.12305 2.38086 0.68457 0 
18.75 10.5781 -1.69238 2.95703 1.62305 1.86621 2.41797 0.636719 0 
-0.920898 17.4844 -1.91797 4.33594 1.89355 1.48828 -0.766113 0.631348 0 
20.6094 12.3906 -1.76465 2.68555 1.60352 1.69336 2.43359 0.628418 0 
-37.4688 25.0938 -0.835938 4.02344 1.83203 1.47852 3.81055 0.600586 0 
6.36328 23.2344 -1.89062 3.97266 1.72949 1.80078 5.44141 0.600098 0 
14.4844 32.7188 -1.93164 4.95312 1.89551 1.6084 5.44922 0.598145 0 
-43.625 -28.3906 -1.02344 2.95703 1.60742 1.16602 -0.759277 0.585938 0 
18 33.875 -2.12109 2.29297 1.28809 1.33594 2.25781 0.557617 0 
-25.6875 -10.5312 -1.64062 4.22656 1.83203 1.87305 5.46875 0.55127 0 
1.16699 18.9062 -1.9082 3.68945 1.79688 1.52441 5.44531 0.546875 0 
-4.86328 13.3672 -1.84961 4.375 2.04688 1.65527 -0.755371 0.543457 0 
-21.5156 -7.39844 -1.66504 3.69336 1.53125 1.39941 5.46094 0.54248 0 
-7.5625 -8.03906 -1.83984 3.95508 1.8623 1.44727 0.866211 0.541992 0 
22.7969 14.7969 -1.9043 2.73242 1.5166 1.66699 2.45703 0.533691 0 
21.5781 37.9062 -2.15234 3.11719 1.24707 1.37891 2.32422 0.52002 0 
-16.125 -1.8916 -1.8457 4.58594 1.85059 1.50488 5.46094 0.513184 0 
25.1875 41.25 -1.89355 2.125 1.1416 1.0332 -0.714844 0.508789 0 
-17.5938 -4.65625 -1.81836 2.88672 1.63867 1.45996 2.30078 0.508301 0 
12.0156 29.2969 -1.97168 4.80859 1.6123 1.32031 -0.760254 0.507812 0 
28.9062 20.8125 -1.88867 2.55078 1.48438 1.62598 2.55273 0.506348 0 
36.875 29.9531 -2.17773 2.56836 0.917969 1.27734 2.44922 0.504395 0 
23.5625 39.5312 -1.86133 1.92773 0.789062 0.991211 2.35938 0.50293 0 
24.5625 16.875 -1.7168 2.30078 1.14941 1.02051 2.42773 0.484863 0 
-21.1875 24.2656 -1.13867 1.77051 1.58301 1.38965 2.17773 0.478516 0 
30.8594 23.8125 -2.01758 2.85156 1.5166 1.84863 2.52148 0.456787 0 
19.6562 36.1562 -1.9502 3.3457 1.25684 1.22266 5.39844 0.449951 0 
27.375 18.7812 -1.89648 3.01562 1.14355 1.79395 2.45312 0.406738 0 
-46.75 2.67773 0.0817871 3.72266 1.60352 0.85791 5.40625 0.395752 0 
-19.6406 28.5156 -0.244995 1.26172 1.14453 0.572266 0.697266 0.359619 0 
-28.8906 -7.92578 -0.353027 1.14551 1.25195 0.573242 2.81641 0.353516 0 
-28.3125 -4.99219 -0.283203 1.45996 1.17969 0.60498 4.78906 0.335449 0 
-3.62891 43.625 -0.533203 2.20898 1.50586 0.507812 -0.755371 0.321289 0 
-5.74609 41.1562 -0.501953 2.08984 1.44434 0.533691 5.39062 0.313232 0 
15.2969 5.55078 -1.84863 4.62109 1.87207 1.76172 2.38867 0.304199 0 
39.2812 31.8438 -1.89648 3.3125 0.808105 1.28906 2.44727 0.30249 0 
-23.2656 30.7812 -0.36792 2.20898 1.56934 0.547852 1.53906 0.297607 0 
34.5312 40.9688 -2.20312 4.32422 1.7334 1.80957 3.85547 0.279785 0 
-25.9375 -5.07031 -0.463867 1.48828 1.38184 0.615723 5.44531 0.275879 0 
-31.125 17.2031 -0.291748 2.68164 1.24219 0.504395 4.92578 0.272705 0 
-26.9688 -4.97656 -0.448486 3.47852 1.63281 0.714355 -0.604004 0.212036 0 
-11.2969 36.4375 -0.426758 2.74609 1.97949 0.602539 3.97656 0.210205 0 
-44 -35.7812 -1.27148 1.61035 0.682617 0.804199 2.02539 0.178101 0 
-19.0781 29.6875 -0.233643 3.54297 1.69922 0.824707 4.07812 0.177856 0 
-38.5312 2.96875 -0.0571289 1.08301 0.503418 0.855469 0.607422 0.177612 0 
40.8438 33.6875 -1.19531 0.546387 0.897949 0.503418 2.41406 0.177368 0 
-39.75 14.9062 -0.0634766 2.05078 1.09375 0.830566 0.899414 0.165649 0 
-14.8359 23.7031 -0.543945 4.86328 2.02344 0.811523 3.53906 0.157837 0 
39.7812 31.9062 -1.44531 2.37695 0.554688 0.980469 2.25 0.149536 0 
-26.5312 11.9297 -0.222656 2.96289 2 0.673828 4.16016 0.138916 0 
-39 9.89062 -0.119873 2.76953 1.62402 0.569824 4.83594 0.138184 0 
-6.33203 31.5 -0.423096 3.13281 1.97363 0.668457 3.8457 0.131104 0 
-14.8828 -15.8672 -1.09961 2.18945 1.35156 0.806641 -0.722168 0.123047 0 
-19.1875 41.3125 -0.0759277 2.29297 1.35645 0.520996 3.875 0.119873 0 
-2.39648 23.875 -1.33398 3.92969 1.06738 0.796875 0.785156 0.117004 0 
39.7812 31.8438 -1.38086 1.88477 0.595215 0.949219 4.07031 0.11084 0 
12.0547 -15.5 -1.7207 4.26953 1.69238 1.49609 3.95312 0.110657 0 
-5.875 74.1875 0.19873 1.26758 1.27832 0.995117 4.39844 0.101562 0 
-7.13281 -3.71094 -1.79688 0.584961 0.715332 1.67188 -0.699219 0.290771 2 
-13.2422 -2.46484 -1.64844 0.505859 0.614746 1.51074 2.5625 0.111694 2 
-13.5781 -3.24219 -1.73047 0.523926 0.603027 1.54785 -0.21875 0.100525 2 
